1074.3201837183433
125.50680112560418
102.42052029269387
67.30074465264259
49.477614765667276
48.44382176889338
43.793727487542554
35.677342488790785
33.00398208813563
31.138868544150803
30.180080957093725
27.455117356571723
26.229059798375996
25.92144016663704
24.12732620727124
23.706784959428735
22.051155241422617
20.94617735759547
19.883961977458743
19.416070083094063
18.8847001561671
18.49723028062545
18.38981215175392
18.27576472681678
17.80934497128066
17.485896541312798
16.916380353621832
16.565733820020004
16.425578872837878
15.928193105081208
15.648182481992189
15.471934525767857
15.16969234793616
14.8954691900514
14.82014712948155
14.48944112583602
14.436087306590146
14.107941067252069
14.071843194205796
13.779839688385094
13.645180304065342
13.511297126970465
13.459967347328382
13.187828742351314
13.017878687396689
12.933935471174486
12.799832704099806
12.728144091302797
12.664189762905329
12.483379812110421
12.467077642827881
12.401965360541713
12.093676459097711
12.048332478107264
11.966604011484332
11.83897204362425
11.69759218398153
11.678380966684209
11.5288834328607
11.509272577354844
11.367219013566041
11.153893280425002
11.07189965123163
10.970054054230989
10.87319282747498
10.764417153239107
10.662608189864843
10.639806227066567
10.567250160333842
10.477242968492874
10.374429911936234
10.345697587439764
10.275201452104334
10.152126054965814
10.123838309869267
10.001452675751278
9.955623414546224
9.92482693646628
9.895907122920168
9.825215296936964
9.688064687424951
9.665738272808532
9.640315510514492
9.624959841739058
9.506233344490814
9.468176399760074
9.388957255443069
9.353446881627516
9.334533804566583
9.273130389688163
9.200100575978622
9.16242664474639
9.106452660696263
9.010030201101037
8.985781111781542
8.928353636433187
8.888550994166355
8.831970321300762
8.790864598918427
8.73818648149959
8.681867915796175
8.613987122496493
8.559365687202753
8.537587075673285
8.488952593018363
8.475652301354534
8.382839486333806
8.369986774978399
8.293674996458622
8.259377842674159
8.235115862691833
8.14031814779219
8.125523187358102
8.0812381700693
8.05731581268943
8.031159515888223
8.022971912269627
8.00206009700951
7.924557996988785
7.871014013665652
7.84294682461446
7.784920701046265
7.750759539041167
7.729731760147123
7.689595888115634
7.677982848576108
7.604709237843531
7.5735053903446845
7.539411603075886
7.511264738824898
7.489839167356156
7.413948736209889
7.356409355756221
7.341206306733796
7.305844069661963
7.27548884366704
7.233186153933432
7.160170222363561
7.156955585502841
7.117644031176949
7.099858682564622
7.0827647174845065
7.034967140336382
6.995632323260737
6.976864883781774
6.946335391947151
6.901151839406221
6.875379134193387
6.835983227518807
6.779780809175536
6.740237642001387
6.719026437597953
6.6930783648636245
6.681113857320923
6.646224505239694
6.627004204920824
6.597549007799537
6.572987386452217
6.555494414648564
6.507961137012005
6.475772827838063
6.432010891364767
6.418357105066579
6.400992004455677
6.3382518611311625
6.334326776470413
6.312353476184228
6.280242506863552
6.252983084539297
6.210645136277732
6.20330861183204
6.1588848545165105
6.11890125545723
6.096634686599669
6.076845308788207
6.062489882039293
6.034675751822198
6.0251688687001925
5.9904263727367635
5.955785244043468
5.943060393588112
5.88927904974501
5.876466597480115
5.856247075050824
5.822981103549934
5.806433390630215
5.781741932750084
5.749962451084941
5.745262383457468
5.679635410196638
5.661357817769296
5.650983131436527
5.627671011063073
5.604958573896198
5.595297559376182
5.571952650168268
5.558820910060411
5.509195044849508
5.4964487371470385
5.461366234768965
5.452926962366277
5.417033549230875
5.394999383268779
5.371594830510199
5.359564122132325
5.332793818349259
5.300852939125275
5.281451325090454
5.268849467707545
5.236119464223992
5.234453700564645
5.174577436577085
5.166858824005007
5.141979199624217
5.124755467332623
5.113186392713209
5.098329533881907
5.077684356085721
5.059699770716993
5.026048106945328
5.022394032725967
4.984330507815212
4.971441775263594
4.959227605115485
4.925231957901145
4.903816710144853
4.881467103886469
4.865524880375795
4.83928494709125
4.828699034869906
4.810186337887829
4.79304011518163
4.768385131437974
4.7322095451614485
4.711699143952692
4.69371898611445
4.675796532343328
4.661670035807281
4.639313840932352
4.627620456220332
4.604726952974702
4.585428723797506
4.57754930032282
4.569983970363335
4.56080733498607
4.531738719699913
4.513738354606621
4.498258489548636
4.475867436677083
4.462232376636352
4.453010679594739
4.4418043399952785
4.422778549228214
4.3949056787040695
4.375599780373984
4.368036058799681
4.341446871369493
4.318191650057981
4.3075611375442255
4.28614348528062
4.262050888773432
4.248118485616672
4.240163178537785
4.223693089517073
4.184996867381116
4.180931490938509
4.166208679950529
4.158219960914497
4.136495157305085
4.129357263437967
4.12174454547921
4.117381605600077
4.097216797544356
4.061558930866873
4.057495514882187
4.04234721095834
4.035047133536039
4.013174296349615
4.000933027717128
3.982431097216929
3.9787081216772595
3.95687075714736
3.9435277706717815
3.936201229147943
3.9209904596446568
3.9137070007132464
3.8919255964602324
3.880909597591463
3.852172312516202
3.849333318624919
3.8396104410796577
3.827057114346142
3.8139484781470063
3.8054701244092746
3.777578896841406
3.763208412958175
3.7399482880580193
3.726094010496546
3.724547446569343
3.69532751076033
3.684497304178316
3.6830304515884906
3.677483343734713
3.67183046399984
3.663066961401814
3.648786290083092
3.6289761353808285
3.6242423760197338
3.6043614574344636
3.590523866890533
3.5751006437420147
3.5583458958649703
3.5557016988298593
3.5411217702424023
3.531021384500576
3.5232345609071873
3.512801882991702
3.492224958500552
3.488895429228794
3.4772178009648047
3.4540769473103796
3.4350735343366754
3.4329313613689036
3.425482765238409
3.407581380465054
3.396023468133135
3.3808345914929117
3.372197501899584
3.3647735509816066
3.3490727413615953
3.3427730242684843
3.328951797860196
3.3181799126512064
3.2916914155434824
3.2879758634231173
3.2762892237219194
3.2682688984421313
3.265830174831671
3.2408665640998087
3.2362088406360923
3.224350648642515
3.2181128994527843
3.208669663521011
3.1930807545254787
3.1854404597878507
3.170037730051343
3.152685916872721
3.147486965961736
3.1362625464395126
3.1268966591896
3.121795426221098
3.1090279784253245
3.101566685296314
3.0932074312760336
3.073993409263862
3.06538868363968
3.0494149258494065
3.040417732621346
3.029078842208636
3.0237559501492677
3.017448559775396
2.999753183802901
2.9911266505655334
2.9769698496579666
2.964006244068567
2.9567347628070975
2.949662902643155
2.9449850354331306
2.934128637078698
2.921937618534096
2.9086334160644904
2.9073532430122193
2.900366615766269
2.8788634577287437
2.875326356114363
2.8727266061759305
2.8644414656591635
2.8548190249087377
2.838261492263617
2.8251436290783167
2.814075185441071
2.798806566580181
2.791316597635775
2.7748453882795148
2.769110021708373
2.762190177056703
2.7414636843835343
2.735771174179322
2.72736778605682
2.72257723080983
2.713172852796326
2.7037712006185934
2.6988757451709775
2.6891045983257125
2.683037676650939
2.6748726833392302
2.6680661320501247
2.6620042407544147
2.646520053601079
2.6416855094699003
2.6256405208606446
2.623662760715572
2.6120269071541644
2.5999199823869366
2.594833480134212
2.5850728491192276
2.579989931783916
2.5718635354532804
2.5654636297489275
2.5612521423625583
2.557074166172128
2.555844740488399
2.5409801764904967
2.53283842228951
2.521646318566115
2.517383001471249
2.502083003613248
2.495849825179436
2.4900774634353975
2.4753456193866104
2.472125981972855
2.4630926546280363
2.4569850342668915
2.446295873538307
2.4378161535102563
2.434008886464835
2.417343586249742
2.4074870241836273
2.393626355778277
2.3870947768529263
2.382837770622338
2.3700266175787186
2.3679439541946863
2.3557044260280824
2.351641951359651
2.334213147836193
2.332200322925193
2.328971955380134
2.3182883367794123
2.3120966295096657
2.3031794647246917
2.2972887769833674
2.2938312900355293
2.2826156281042462
2.270034067386923
2.268251462916443
2.2585387151170933
2.253030460850343
2.240887624728126
2.2379019874519344
2.2250156166521053
2.218156701368306
2.2142463101469207
2.208090184119633
2.195879785785352
2.194674358885211
2.1917775648304927
2.180624998446473
2.176113533685635
2.1682809421288485
2.163685683068872
2.1530798208767497
2.135884085492495
2.134082463986957
2.132086333185712
2.1268196937214383
2.1175437444047036
2.114969371633089
2.1067397142467934
2.103657776726295
2.0884183236279155
2.083056549775725
2.081867458938541
2.0728390162871007
2.0688842092791964
2.062336113521459
2.0579077108731756
2.050162417694199
2.0417725305973313
2.0399896493558907
2.024816705108442
2.0186479663862738
2.016070704653626
2.0138167901589563
2.0015424505355863
1.9931403907891387
1.9852415472920015
1.9827951048789973
1.9772342188021412
1.9662316223503256
1.962127481718637
1.9565152181457488
1.9520542805470606
1.943435353007653
1.9362718057004873
1.931518140125398
1.9289722395056257
1.9178818800324844
1.9151304359262882
1.9135218121988469