859.9042267940262
84.8795240319216
67.17373212031869
46.257274207852724
37.91597137651155
36.42691027232385
28.41553796016228
25.71326272162978
24.46094811661291
21.83356825667829
20.006768414428645
19.349202040214642
18.771739090379754
16.870087479170618
15.657087664139329
15.436954903093033
14.784145529190623
14.213162016711031
13.846701525813463
13.525187059811412
13.306573779844628
13.167604483596778
12.804574838278992
12.775921114860697
12.486027644007256
12.353581273727809
12.04771212212832
11.920206793686726
11.612489094296224
11.559977650557126
11.33618322330298
11.084446603471406
10.897177022402374
10.83432288716154
10.790810816397254
10.588893962595758
10.507861252730939
10.378011520274438
10.25941319414355
10.117310101887112
10.026554864406313
9.855995654015887
9.78157256255752
9.711450538666966
9.625338577476505
9.607761533377827
9.426136910486974
9.333733572429372
9.320853038645648
9.17068071908002
9.118159089388717
9.007036430867618
8.88738516254738
8.831235974472378
8.800055342534312
8.664289643667656
8.622175030093171
8.57289215096714
8.44896233758678
8.39602765008078
8.3652432539579
8.310186594342307
8.194123394860714
8.177994387819195
8.11826770018718
8.079485031391808
8.03569069433674
7.919070686858353
7.908087784327968
7.847691571436989
7.792282237045354
7.647316308737465
7.614680476252928
7.56461853332781
7.514458574310002
7.487843228445047
7.442202038914511
7.416319277797818
7.392493078216956
7.358306552496489
7.321055565694956
7.245868820718822
7.209109926934225
7.130740349151444
7.1075969614705805
7.043301253230237
7.0269759605045135
6.992474198907652
6.9315694452322125
6.855544621628044
6.818503721872464
6.785750007181137
6.7355859838813235
6.6865793977408154
6.668090112308867
6.602918003283301
6.582681159259848
6.528359257052427
6.481704186692587
6.4707094148715205
6.383431698773945
6.374456631657048
6.340638136165691
6.301339190231916
6.295144367682233
6.271396624429098
6.188369368982284
6.180911538299196
6.156467388368619
6.0872023772006285
6.074417379584024
6.033730994961517
5.983530339100286
5.95424604550683
5.937236889850093
5.916942129791411
5.896406938735396
5.854362196163437
5.8087124285603435
5.771326277261212
5.759538614762848
5.7455887631967135
5.712937300593259
5.66783714204184
5.6401968894106975
5.606967779041934
5.576749602421248
5.527069224174885
5.5117136519513075
5.491151435294573
5.457102929018638
5.393317902753877
5.382504771387541
5.342643385964996
5.336267405431791
5.306770827897223
5.282907957553857
5.248741739562923
5.200404747266995
5.17330666213904
5.153094863961126
5.128869037073727
5.099848515769398
5.081512918865811
5.052552296467082
5.038143748639563
5.012327143396067
4.985578774287634
4.949186332245945
4.929776452000291
4.920364164048625
4.8983858960009
4.879054877869086
4.869158946603602
4.843537522159573
4.832761826056244
4.772408199772976
4.758968262112477
4.715570060716702
4.7039177586680125
4.666631529569597
4.649003418140919
4.639846921462946
4.611718336548684
4.590628749917826
4.566380172266725
4.559044311293063
4.536678998666663
4.500286966153163
4.480383904596957
4.471969958160009
4.427830356400148
4.426667881305746
4.392390886668942
4.381821386567436
4.354456374683832
4.348801564737853
4.330035482478859
4.295284904341019
4.284695812031091
4.257854571266638
4.241231124589259
4.201065816274632
4.192470881348505
4.1705829051439665
4.158924554897523
4.140902654704565
4.118408450248962
4.076459211840386
4.0687747399266705
4.051857510747108
4.043277781487542
4.032091227985514
3.9992794831467524
3.953005333452331
3.9361703899576805
3.930595936828435
3.921137588046181
3.9022811463733635
3.891660262596697
3.87071490308607
3.83306378461309
3.8175320017611503
3.80729827945985
3.7869939022915804
3.764630392778517
3.7553462480279065
3.737448646497271
3.7287210189861324
3.703920213282536
3.6755622928470784
3.6676866241855053
3.6302244072253287
3.6264624049190752
3.602690815138669
3.588836955352025
3.5816742366755547
3.5480182684941517
3.5453937252972847
3.524165140582858
3.5152589521592157
3.4852038964681293
3.4722785501437645
3.4625410030512955
3.4412220057072767
3.4300044687207887
3.419753880747091
3.4159862468792976
3.376228170333628
3.370927929301808
3.354345129786432
3.330167902261013
3.326619145624727
3.300175797564901
3.2845274222950556
3.2798461783804176
3.2559472870294224
3.247022435019573
3.237727300020726
3.2252482618260823
3.2080554800853074
3.198523318794914
3.1985059579954243
3.1790000680240733
3.1608845583704506
3.1406565556610384
3.1250268890312336
3.114814743702398
3.110200269635041
3.0905194079206466
3.079639079431402
3.071672321603453
3.0580647962983547
3.0505581705235665
3.044050524095269
3.023786130566733
3.009337072535171
3.0039541991981387
2.9827981757884
2.965263582013648
2.96149016930568
2.951323314538164
2.9438805350592854
2.9113283078767056
2.902485658816789
2.8888803832069185
2.884885159613242
2.8813516435002398
2.8644983172017913
2.850047067928702
2.8378359659931527
2.8287594641643095
2.8100479893408705
2.798194963965147
2.7971959706556433
2.7773437505996372
2.7695428471835197
2.7594862753498837
2.7447775795768155
2.71716212521796
2.7100110693485004
2.6994991222430547
2.6948883102657404
2.690846993834643
2.6784226788008634
2.660314574997238
2.6464057165397907
2.6410200647967454
2.623854596341719
2.6225215826746666
2.602271290980838
2.600248761804941
2.5919774199184786
2.5858761966287593
2.5829953038326257
2.564933874628463
2.5498193795096777
2.529030784252088
2.525217893579532
2.5131754653304177
2.499045725623268
2.4849021547771595
2.4771332501131327
2.4673742298458197
2.456928743802823
2.450207277898886
2.4385047407626788
2.402654072866233
2.3996234581349367
2.3887016142125845
2.386716658983006
2.378364021983743
2.369943477579527
2.3571747538306633
2.3387465971460393
2.3367375713889125
2.3290759188121744
2.3134283722103715
2.3087273276700917
2.287859070302833
2.2844609555579005
2.273864701947438
2.2607280498670397
2.252279123255902
2.2516061399244647
2.2444457539574363
2.2299824586699915
2.2246935109026533
2.2151596458554184
2.2000658294362325
2.187115907872443
2.1817334025088297
2.166668996984385
2.157866409353601
2.148330280905302
2.1448233043023293
2.1275798557931407
2.1204713630237646
2.11437938802647
2.1098225598998845
2.094785561894759
2.076458054824804
2.0705796293048975
2.06805430869785
2.052710679344429
2.0455669584416833
2.0408795175546626
2.029698155317083
2.0207413160289276
2.0100436834456272
2.0078147452972797
1.9971930648403518
1.9847795762831546
1.9716323061539034
1.958089429844424
1.953514079499414
1.947860836919956
1.9378535303589937
1.9222362522968122
1.9140318262326952
1.9057859874896652
1.896934674508638
1.8940313779133633
1.8830816116079265
1.8783280643314855
1.8715475337936018
1.867088370393748
1.8573827904427327
1.855345222642792
1.850984350147498
1.842915885192136
1.826909833026363
1.8224659294890102
1.8106324693088773
1.8050734393229502
1.7957118411311486
1.7886551549061882
1.7817217116124602
1.77890823268122
1.7662301208175455
1.7525388141490392
1.7475623877532371
1.7387513178130958
1.733761127614051
1.730050637174165
1.7225537139587253
1.714515610753132
1.700438033707421
1.6990952505405978
1.6844750874381516
1.677112608261814
1.671925547427932
1.6662740919300199
1.6608807258971956
1.6493645507512242
1.6411195023202432
1.6360832662702498
1.6259718102391318
1.6158377891907116
1.6111553454549625
1.6011103833862144
1.590671703562894
1.5887878576355239
1.5795735868630092
1.5769864463595642
1.5649059773233422
1.55742082410205
1.5507267094885642
1.5480857697254862
1.5441238089778082
1.5329343465416714
1.5270171827329702
1.521025922177935
1.5121914784250277
1.5088641745872775
1.4993715530545029
1.4845598178312354
1.4759254329789866
1.4730456254280406
1.4646364965333247
1.453058753516592
1.4514427286562317
1.4399805091501774
1.4356959640651428
1.4274569522066278
1.423522521941945
1.4142139234525897
1.4065887290790802
1.3995047501374815
1.3928240121517694
1.3877998715848479
1.378426176939102
1.3737913021440287
1.371776945971673
1.3648504273735587
1.3601441354859471
1.3564602147262306
1.3489955839842773
1.3316813988277032
1.3280973973756607
1.31715987588194
1.3154339307258465
1.3126032337022322
1.3086323030198836
1.3041712672299846
1.2954753929503913
1.2870570299490383
1.2836485717312784
1.2815880469124408
1.2776427256264302
1.2663719387909926
1.2622858005903872
1.2565865991517626
1.251576944393513
1.244299092086346
1.2411947693146148
1.237856435135687
1.2307571623221525
1.2194867809981786
1.2124269402627943
1.2089044420857695
1.2046632769578451
1.1999941565405756
1.1918480185440148
1.1873220989917173
1.1828759143949226
1.1801170517052548
1.164551033157695
1.1588838843611757
1.157521577365219
1.1512290495639008
1.1495105710331461
1.1466715146238264
1.1391160217213803
1.132624748085774
1.1273473112394623
1.124559456980714
1.1136517123994143
1.1076499833336213
1.1007914236517542
1.0988699138619877
1.0953844006035465
1.0878166008437564
1.082026979402279
1.0816200773419473
1.0709036891266046
1.0655254608775722
1.0627910183959894
1.0604109918659717
1.0516052923411767
1.0441932036801576
1.0406942485206194
1.0344098594657984
1.0302955600938393
1.0241987536200539
1.019820733775517
1.0187002132833483
1.016064302624326
1.007512268459262
1.0055456050901175